# oST version 5.0 parameters


[image]

width
1920

height
1080

[narrow_stereo]

camera matrix
1442.982463 0.000000 926.451299
0.000000 1448.833139 525.710092
0.000000 0.000000 1.000000

distortion
0.031413 -0.098427 -0.001036 -0.000732 0.000000

rectification
1.000000 0.000000 0.000000
0.000000 1.000000 0.000000
0.000000 0.000000 1.000000

projection
1433.502197 0.000000 922.664113 0.000000
0.000000 1451.344727 524.563229 0.000000
0.000000 0.000000 1.000000 0.000000
